35
35
2
00001110000000100101000000100010000
00000000001101000000000111000100010
01000100000000110000001000000000000
11100111001001100111001111111011000
00000101100111111011101101001001001
10111000011000010010010000101100101
01000010001011000010100000010011000
00111010011100001001001001000000000
11010100000100010010000100101000110
10011001000100001000000001000010010
00000000110100010010000010101111000
10000101000001000001110110000000000
01110000001000100001011101010100100
00000000100010001001000000111000100
11100110100000000001010100100000000
00000100001100001011101100000000000
10000100011010100000110000010010100
00010000000000010000010001000110010
00010001000100111110001010000101001
10111011010000100000100001010001010
00100000000001101001000110101001000
00001010011001001011000001000001010
11000100111000100110000110000100100
00000000101100100000000100100001011
10110001001010011000001000001101101
10010000011001100000100100110001100
00110011101011000001001110000100011
00000000000110000100000001100000011
10001000010001100001011011011000001
10000000100001100001001001110010000
11011100001011100010001011000011001
01001101000000100000111000101011001
00000010101011111011010101000010110
01111000000010000010001100110011000
10100101010000001000000100001000100
