30
30
2
100110111010000111000101100010
100101000010000100101011111010
011101110101001000101000100011
111100110011111111110010010111
010101100010011111011010111011
101000001010100001101001001101
010010101001100111011011101100
001111101110011010100001011101
010110111111100111110001100110
011010001101100101111111000100
111011110100010110011101100100
000001110010011011111101110111
010110110011101110011010111100
111011010110011111101111001101
011111010100010111110001111110
011000010111101010100110010011
001110010111110011110000010110
110101101111000101100000111101
010111010111000101011111010001
000100111010110011110110010101
100001011100010111111111011111
101111101111111101011001010011
101111100110000111100011011111
010001101000000100010111010001
100010000111000101101010110011
001000001000111101100011101011
010011101110001100111010111100
010111011011100111101110010000
100011001001011101101011111011
010110010100110001011111001001
