40
40
2
0000000010101101000100000000010100110100
1000100000000010001110000100111100000101
1000010010101000000010000100000001001000
0000000000011000010100010000100000011000
0001010010100001001001000001001010100000
0010000100000000000110100000000000100001
1001010001101000000000000000100001101010
0001010010000110000111010110010000011101
1100100000000011000000000000001000011000
0011000100000000001100100000001001001001
0011100010010010101000000111001000111010
0001010010000000000000000100100001001000
0001100011010010000001010100000000001001
0000010000011101000001000010001000011001
0000011111000010100011111000000001000000
0000000110100100000011000100000000000001
0100110010000101110000100001010001100100
0000011010000011000100000101000111010000
0001010000000100000000010100100000100100
0000000010001111100000101000000101000111
1001100000000101000000001000001011011000
1000000010001110100001001110010100000010
1011011001001000100000000001100010101101
1000001001000000010001110000011010001010
1010101001010001011000000010000000000001
0010010000010010100010000011100010000000
1010100001000001000000100011110001010000
1000000001100000001011000000100110000110
0100010000000101000000101100000100010001
0110101101000000010110000001000001000101
1001010000000100000000000001000000001101
1000000010000000010010001100011000000000
0000100000010000100000101000010100110000
0101111101010110000001010110001000100110
0000001010000001001001010100011000000000
0010100011010010010110000000100000001010
0010100000000000011001001100000010000000
0000000010000000100001010001001001110000
1100001000010101001010000001100001000101
0100001000000100000001110001010100000001
